
int main()
{
double a[10][10]={0.638796, 0.736510, 0.827915, 0.714243, 0.580313, 0.502711, 0.320619, 0.381693, 0.829783, 0.090271, 
0.086381, 0.012368, 0.926026, 0.685283, 0.442655, 0.771235, 0.161726, 0.373213, 0.314419, 0.017243, 
0.230404, 0.583643, 0.539237, 0.362877, 0.574665, 0.587253, 0.052889, 0.797725, 0.540768, 0.231177, 
0.321209, 0.695746, 0.469330, 0.033947, 0.543901, 0.688743, 0.981675, 0.360366, 0.065075, 0.064145, 
0.409384, 0.006006, 0.511788, 0.898087, 0.630414, 0.134535, 0.695637, 0.556015, 0.267766, 0.504105, 
0.106553, 0.521463, 0.941638, 0.001127, 0.889229, 0.985234, 0.710775, 0.408030, 0.355768, 0.233783, 
0.716173, 0.837311, 0.067652, 0.918376, 0.541687, 0.839058, 0.234658, 0.968085, 0.053723, 0.984997, 
0.834031, 0.057627, 0.162390, 0.344131, 0.976396, 0.034571, 0.785434, 0.697810, 0.443574, 0.605635, 
0.706559, 0.381556, 0.773771, 0.226483, 0.392380, 0.071833, 0.798492, 0.754875, 0.561998, 0.478654, 
0.744680, 0.519814, 0.721342, 0.365413, 0.330053, 0.084206, 0.169013, 0.143299, 0.970202, 0.799632
};

double b[10]={0.368936, 0.651629, 0.072565, 0.125020, 0.177600, 0.299796, 0.822566, 0.687749, 0.946997, 0.731359 };
double x[10]={2.496575, -0.639090, 1.453365, -0.661451, -0.029772, 0.233489, -1.001369, 0.120202, -1.591228, 0.104728 };
}

x一栏为结果

